function y=U4_voln_func_sigma0(A1,B1,C1,D1,A2,B2,C2,D2,Z1,Z2,r,a)

e2=14.4;
R1=((A1+B1+C1+D1-Z1)^2*(A2+B2+C2+D2-Z2)^2)/(Z1^2*Z2^2);
R2=(1/(4232632320*a^7*Z1^2*Z2^2))*exp(-((2*r)/a))*(-7348320*a*A1^2*A2^2*r^6-419904*A1^2*A2^2*r^7-326592*a^2*A1*A2*r^5*(4*A2*(15*B1+7*C1-D1-27*Z1)+A1*(189*A2+60*B2+28*C2-4*D2-108*Z2))-
136080*a^3*A1*A2*r^4*(2349*A1*A2+32*A2*(127*B1+67*C1-9*(D1+9*Z1))+32*A1*(127*B2+67*C2-9*(D2+9*Z2)))-
3780*a^4*r^3*(128*A2^2*(-15*B1-7*C1+D1+27*Z1)^2+16*A1*A2*(3*A2*(39251*B1+22859*C1-2877*D1-8991*Z1)+32*(15*B1+7*C1-D1-27*Z1)*(15*B2+7*C2-D2-27*Z2))+
A1^2*(289413*A2^2+48*A2*(39251*B2+22859*C2-2877*D2-8991*Z2)+128*(-15*B2-7*C2+D2+27*Z2)^2))-35840*a^7*(3*A1^2*(19683*A2^2+923363*B2^2+299747*C2^2-76346*C2*D2+4835*D2^2+
2*B2*(529123*C2-66845*D2-386019*Z2)+6*A2*(588193*B2+416161*C2-42591*D2-6561*Z2)-495558*C2*Z2+57402*D2*Z2+19683*Z2^2)+A2*(3*A2*(923363*B1^2+299747*C1^2-76346*C1*D1+4835*D1^2+
2*B1*(529123*C1-66845*D1-386019*Z1)-495558*C1*Z1+57402*D1*Z1+19683*Z1^2)+2*(15*B1+7*C1-D1-27*Z1)*(2079*C1*C2-281*C2*D1-289*C1*D2+39*D1*D2+B2*(4223*C1-569*D1-5643*Z1)-
3051*C2*Z1+405*D2*Z1+B1*(8055*B2+3991*C2-553*D2-10071*Z2)-5535*C1*Z2+729*D1*Z2+2187*Z1*Z2))+2*A1*(9*A2^2*(588193*B1+416161*C1-42591*D1-
6561*Z1)+(15*B2+7*C2-D2-27*Z2)*(3991*B2*C1+2079*C1*C2-553*B2*D1-289*C2*D1-281*C1*D2+39*D1*D2-10071*B2*Z1-5535*C2*Z1+729*D2*Z1+B1*(8055*B2+4223*C2-569*D2-5643*Z2)-3051*C1*Z2+
405*D1*Z2+2187*Z1*Z2)+6*A2*(529123*B2*C1+299747*C1*C2-66845*B2*D1-38173*C2*D1-38173*C1*D2+4835*D1*D2-386019*B2*Z1-247779*C2*Z1+28701*D2*Z1+
B1*(923363*B2+529123*C2-66845*D2-386019*Z2)-247779*C1*Z2+28701*D1*Z2+19683*Z1*Z2)))-1890*a^5*r^2*(128*A2^2*(11865*B1^2+3017*C1^2-830*C1*D1+57*D1^2+2*B1*(6001*C1-823*D1-12501*Z1)-13338*C1*Z1+
1782*D1*Z1+6561*Z1^2)+16*A1*A2*(3*A2*(570685*B1+359829*C1-42323*D1-47385*Z1)+32*(6001*B2*C1+3017*C1*C2-823*B2*D1-415*C2*D1-415*C1*D2+57*D1*D2-12501*B2*Z1-6669*C2*Z1+
891*D2*Z1+B1*(11865*B2+6001*C2-823*D2-12501*Z2)-6669*C1*Z2+891*D1*Z2+6561*Z1*Z2))+A1^2*(1301265*A2^2+48*A2*(570685*B2+359829*C2-42323*D2-47385*Z2)+128*(11865*B2^2+3017*C2^2-830*C2*D2+57*D2^2+
2*B2*(6001*C2-823*D2-12501*Z2)-13338*C2*Z2+1782*D2*Z2+6561*Z2^2)))-105*a^6*r*(128*A2*(3*A2*(692243*B1^2+200803*C1^2-53162*C1*D1+3507*D1^2+B1*(749238*C1-98618*D1-898830*Z1)-
532062*C1*Z1+66258*D1*Z1+72171*Z1^2)+16*(-15*B1-7*C1+D1+27*Z1)^2*(15*B2+7*C2-D2-27*Z2))+16*A1*(9*A2^2*(13919543*B1+9354815*C1-1026681*D1-
422091*Z1)+128*(15*B1+7*C1-D1-27*Z1)*(-15*B2-7*C2+D2+27*Z2)^2+96*A2*(200803*C1*C2-26581*C2*D1-26581*C1*D2+3507*D1*D2+B2*(374619*C1-49309*D1-449415*Z1)-266031*C2*Z1+33129*D2*Z1+
B1*(692243*B2+374619*C2-49309*D2-449415*Z2)-266031*C1*Z2+33129*D1*Z2+72171*Z1*Z2))+3*A1^2*(10622259*A2^2+48*A2*(13919543*B2+9354815*C2-1026681*D2-422091*Z2)+
128*(692243*B2^2+200803*C2^2-53162*C2*D2+3507*D2^2+B2*(749238*C2-98618*D2-898830*Z2)-532062*C2*Z2+66258*D2*Z2+72171*Z2^2))));

R3=(1/(433854971117568000*a^15*Z1^2*Z2^2))*exp(-(r/a))*(-663390*a^3*(85*C1^2*C2^2+123*C1*C2^2*D1+14*C2^2*D1^2+
B2^2*(63*C1^2+67*C1*D1+10*D1^2)+123*C1^2*C2*D2+
56*C1*C2*D1*D2+2*C2*D1^2*D2+14*C1^2*D2^2+2*C1*D1*D2^2+
B1^2*(41*B2^2+112*B2*C2+63*C2^2+51*B2*D2+67*C2*D2+
10*D2^2)+
B2*(2*D1^2*(12*C2+D2)+7*C1^2*(20*C2+13*D2)+
2*C1*D1*(91*C2+24*D2))+
B1*(B2^2*(112*C1+51*D1)+
2*B2*(126*C1*C2+67*C2*D1+67*C1*D2+20*D1*D2)+
D1*(91*C2^2+48*C2*D2+2*D2^2)+
2*C1*(70*C2^2+91*C2*D2+12*D2^2)))*r^12-
153090*a^2*(27*C1^2*C2^2+21*C1*C2^2*D1+C2^2*D1^2+
B2^2*(13*C1^2+13*C1*D1+D1^2)+21*C1^2*C2*D2+
4*C1*C2*D1*D2+C1^2*D2^2+
B1^2*(15*B2^2+24*B2*C2+13*C2^2+9*B2*D2+13*C2*D2+
D2^2)+B2*(2*C2*D1^2+C1^2*(36*C2+17*D2)+
C1*(34*C2*D1+4*D1*D2))+
B1*(3*B2^2*(8*C1+3*D1)+C2*D1*(17*C2+4*D2)+
2*C1*(18*C2^2+17*C2*D2+D2^2)+
B2*(26*C2*D1+4*D1*D2+26*C1*(2*C2+D2))))*r^13+
32805*a*(B1+C1)*(B2+C2)*(-3*B2*C1-7*C1*C2-2*B2*D1-
2*C2*D1+B1*(B2-3*C2-2*D2)-2*C1*D2)*r^14-
6561*(B1+C1)^2*(B2+C2)^2*r^15-
663390*a^4*r^11*(775*B1^2*B2^2+1858*B1*B2^2*C1+
1087*B2^2*C1^2+1858*B1^2*B2*C2+4348*B1*B2*C1*C2+
2338*B2*C1^2*C2+1087*B1^2*C2^2+2338*B1*C1*C2^2+
1159*C1^2*C2^2+3072*A2*(B1+C1)^2*(B2+C2)+
3072*A1*(B1+C1)*(B2+C2)^2+1054*B1*B2^2*D1+
1298*B2^2*C1*D1+2596*B1*B2*C2*D1+3308*B2*C1*C2*D1+
1654*B1*C2^2*D1+2186*C1*C2^2*D1+265*B2^2*D1^2+
682*B2*C2*D1^2+433*C2^2*D1^2+1054*B1^2*B2*D2+
2596*B1*B2*C1*D2+1654*B2*C1^2*D2+1298*B1^2*C2*D2+
3308*B1*C1*C2*D2+2186*C1^2*C2*D2+1060*B1*B2*D1*D2+
1364*B2*C1*D1*D2+1364*B1*C2*D1*D2+1732*C1*C2*D1*D2+
124*B2*D1^2*D2+140*C2*D1^2*D2+265*B1^2*D2^2+
682*B1*C1*D2^2+433*C1^2*D2^2+124*B1*D1*D2^2+
140*C1*D1*D2^2+4*D1^2*D2^2-1728*B1*B2^2*Z1-
1728*B2^2*C1*Z1-3456*B1*B2*C2*Z1-3456*B2*C1*C2*Z1-
1728*B1*C2^2*Z1-1728*C1*C2^2*Z1-1728*B1^2*B2*Z2-
3456*B1*B2*C1*Z2-1728*B2*C1^2*Z2-1728*B1^2*C2*Z2-
3456*B1*C1*C2*Z2-1728*C1^2*C2*Z2)+
7297290*a^5*r^10*(-1137*B1^2*B2^2-2566*B1*B2^2*C1-
1457*B2^2*C1^2-2566*B1^2*B2*C2-5828*B1*B2*C1*C2-
3174*B2*C1^2*C2-1457*B1^2*C2^2-3174*B1*C1*C2^2-
1537*C1^2*C2^2-1642*B1*B2^2*D1-1966*B2^2*C1*D1-
3932*B1*B2*C2*D1-4692*B2*C1*C2*D1-2346*B1*C2^2*D1-
2846*C1*C2^2*D1-491*B2^2*D1^2-1266*B2*C2*D1^2-
823*C2^2*D1^2-1642*B1^2*B2*D2-3932*B1*B2*C1*D2-
2346*B2*C1^2*D2-1966*B1^2*C2*D2-4692*B1*C1*C2*D2-
2846*C1^2*C2*D2-1964*B1*B2*D1*D2-2532*B2*C1*D1*D2-
2532*B1*C2*D1*D2-3292*C1*C2*D1*D2-366*B2*D1^2*D2-
446*C2*D1^2*D2-491*B1^2*D2^2-1266*B1*C1*D2^2-
823*C1^2*D2^2-366*B1*D1*D2^2-446*C1*D1*D2^2-
28*D1^2*D2^2+
1024*A1*(B2+C2)*(4*B1*B2+2*B2*C1-2*C1*C2-B2*D1-
C2*D1-2*B1*D2-2*C1*D2)+
1024*A2*(B1+C1)*(-2*(B2+C2)*D1+B1*(4*B2+2*C2-D2)-
C1*(2*C2+D2))+1152*B2^2*C1*Z1+2304*B1*B2*C2*Z1+
4608*B2*C1*C2*Z1+2304*B1*C2^2*Z1+3456*C1*C2^2*Z1+
576*B2^2*D1*Z1+1152*B2*C2*D1*Z1+576*C2^2*D1*Z1+
1152*B1*B2*D2*Z1+1152*B2*C1*D2*Z1+1152*B1*C2*D2*Z1+
1152*C1*C2*D2*Z1+2304*B1*B2*C1*Z2+2304*B2*C1^2*Z2+
1152*B1^2*C2*Z2+4608*B1*C1*C2*Z2+3456*C1^2*C2*Z2+
1152*B1*B2*D1*Z2+1152*B2*C1*D1*Z2+1152*B1*C2*D1*Z2+
1152*C1*C2*D1*Z2+576*B1^2*D2*Z2+1152*B1*C1*D2*Z2+
576*C1^2*D2*Z2)+
3673686016000*a^15*(1536*A2^2*(1765*B1^2+547*C1^2-226*C1*D1-
29*D1^2+B1*(1990*C1-338*D1-1431*Z1)-891*C1*Z1+
189*D1*Z1)+
1536*A1^2*(1765*B2^2+547*C2^2+
96*A2*(71*B2+50*C2-6*D2)-226*C2*D2-29*D2^2+
B2*(1990*C2-338*D2-1431*Z2)-891*C2*Z2+189*D2*Z2)-
59049*(C1^2*C2^2+2*C1*C2^2*D1+C2^2*D1^2+2*C1^2*C2*D2+
4*C1*C2*D1*D2+2*C2*D1^2*D2+C1^2*D2^2+2*C1*D1*D2^2+
D1^2*D2^2+B2^2*(C1+D1-Z1)^2-2*C1*C2^2*Z1-
2*C2^2*D1*Z1-4*C1*C2*D2*Z1-4*C2*D1*D2*Z1-
2*C1*D2^2*Z1-2*D1*D2^2*Z1+C2^2*Z1^2+2*C2*D2*Z1^2+
D2^2*Z1^2+2*B2*(C1+D1-Z1)^2*(C2+D2-Z2)+
B1^2*(B2+C2+D2-Z2)^2+
2*B1*(C1+D1-Z1)*(B2+C2+D2-Z2)^2-2*C1^2*C2*Z2-
4*C1*C2*D1*Z2-2*C2*D1^2*Z2-2*C1^2*D2*Z2-
4*C1*D1*D2*Z2-2*D1^2*D2*Z2+4*C1*C2*Z1*Z2+
4*C2*D1*Z1*Z2+4*C1*D2*Z1*Z2+4*D1*D2*Z1*Z2-
2*C2*Z1^2*Z2-2*D2*Z1^2*Z2+C1^2*Z2^2+2*C1*D1*Z2^2+
D1^2*Z2^2-2*C1*Z1*Z2^2-2*D1*Z1*Z2^2)+
32*A2*(-2781*C1^2*C2-7634*C1*C2*D1-3673*C2*D1^2-
3817*C1^2*D2-7346*C1*D1*D2-3693*D1^2*D2+
2538*C1*C2*Z1+8046*C2*D1*Z1+8046*C1*D2*Z1+
7290*D1*D2*Z1+1458*C2*Z1^2-4374*D2*Z1^2-
B2*(1843*C1^2+7894*C1*D1+3655*D1^2+2214*C1*Z1-
8694*D1*Z1-5832*Z1^2)+
B1^2*(3861*B2+51*C2-4209*D2-5751*Z2)+1269*C1^2*Z2+
8046*C1*D1*Z2+3645*D1^2*Z2+2916*C1*Z1*Z2-
8748*D1*Z1*Z2-
2*B1*(1843*C1*C2+3947*C2*D1+3947*C1*D2+3655*D1*D2+
1107*C2*Z1-4347*D2*Z1+
B2*(-51*C1+4209*D1+5751*Z1)+1107*C1*Z2-
4347*D1*Z2-5832*Z1*Z2))+
32*A1*(51*B2^2*C1-3686*B2*C1*C2-2781*C1*C2^2+
4608*A2^2*(71*B1+50*C1-6*D1)-4209*B2^2*D1-
7894*B2*C2*D1-3817*C2^2*D1-7894*B2*C1*D2-
7634*C1*C2*D2-7310*B2*D1*D2-7346*C2*D1*D2-
3673*C1*D2^2-3693*D1*D2^2-5751*B2^2*Z1-2214*B2*C2*Z1+
1269*C2^2*Z1+8694*B2*D2*Z1+8046*C2*D2*Z1+
3645*D2^2*Z1-2214*B2*C1*Z2+2538*C1*C2*Z2+
8694*B2*D1*Z2+8046*C2*D1*Z2+8046*C1*D2*Z2+
7290*D1*D2*Z2+11664*B2*Z1*Z2+2916*C2*Z1*Z2-
8748*D2*Z1*Z2+1458*C1*Z2^2-4374*D1*Z2^2+
96*A2*(1990*B2*C1+1094*C1*C2-338*B2*D1-226*C2*D1-
226*C1*D2-58*D1*D2-1431*B2*Z1-891*C2*Z1+
189*D2*Z1+B1*(3530*B2+1990*C2-338*D2-1431*Z2)-
891*C1*Z2+189*D1*Z2)+
B1*(3861*B2^2-1843*C2^2-7894*C2*D2-3655*D2^2+
6*B2*(17*C2-1403*D2-1917*Z2)-2214*C2*Z2+
8694*D2*Z2+5832*Z2^2)))-
12162150*a^6*r^9*(1024*A2*(30*C1^2*C2+22*C1*C2*D1+2*C2*D1^2+
